168238459 100 1.134312313e+15 3.124729028  2.435754578 3.812873025
166109306 100  9.99376278e+14  2.57690973  1.965416056 3.235481058
168544801 100 1.261432543e+15 3.297859318  2.776070695 3.905946987
166361190 100 1.058404796e+15 3.035259909  2.394792878 3.642029269
167379728 100 1.108326506e+15  3.12623485  2.455228464 3.909424506
168545005 100 9.791302028e+14  2.58058805   1.96835943 3.110650782
166564002 100 1.167799897e+15 3.280678418  2.154662652 4.069919948
167884185 100 1.155858115e+15 2.857335868   2.02197168 3.634882686
165451552 100 1.118828994e+15 3.231770086  2.265558328 4.057319972
167021700 100 9.116403779e+14  2.35283072  1.563078804 3.066205928
167379968 100 1.194448652e+15 3.329648216  1.641321495 4.360980365
165403038 100 9.561887217e+14 2.701309693  1.911788631 3.373865512
168137857 100 9.446918121e+14 2.783254164  1.970048513 3.564374114
165755164 100 1.068305397e+15 3.147393551  1.191604495 3.897721935
167833705 100 9.076801374e+14 2.839352081  2.054195707 3.447144637
165602081 100 9.318253921e+14 2.898670252  1.421845601 3.955079028
168493975 100 9.801769624e+14  2.67221371  1.701983768 3.408595813
166513692 100 7.972906151e+14 2.211431575    1.5592013 2.674346259
167278116 100 9.103580974e+14 2.890128861  2.168590043 3.733081629
168391142 100 9.427291379e+14 2.680040506  1.548803169  3.46564471
165601896 100 8.929208271e+14 3.009222795  2.422281303 3.983278716
166614511 100 8.167341746e+14 2.387125762  1.539957855 3.117615321
167175278 100 1.009494954e+15 2.696711299  1.779823301 4.052232642
168494037 100 8.471512638e+14 2.485565896  1.667001755 3.279626398
165404163 100 8.705899558e+14 3.010679328  1.963741262 3.698677198
165906790 100 8.944735205e+14 2.936570571  2.046141569 3.911134475
166717366 100 8.012508555e+14 2.526234302  1.783578914 3.180776272
165702809 100 8.463661941e+14 2.312375614  1.215833031 3.345547398
167682589 100 9.331425646e+14  2.90609037   2.25349064  3.62780663
165403617 100 9.573750492e+14 2.838649172  1.984978591 3.900213566
166869214 100 6.626075471e+14 1.601353371 0.9676534641 2.316689865
165451402 100 8.010415036e+14 2.504737724  1.067338296 4.135866511
165451743 100  7.79321242e+14 2.644514073  1.928339701 3.335923857
165907180 100 7.446037154e+14 2.134171492  1.556864916 2.599053287
167480389 100 8.231106851e+14 2.881582612  1.864133947 3.349880868
168290524 100 8.839186946e+14 2.818266464  2.124939876  3.52251763
165652189 100 7.290593354e+14 2.204825189  1.736366955 2.890370255
168290257 100 8.410975042e+14 2.333318441  1.472720651 3.504564976
168087619 100 8.554293876e+14 3.208679429  2.671016141 3.871157809
168290415 100 7.397188373e+14 2.223561797  1.662009023 2.898060226
166971286 100 9.742453247e+14 3.115827731   2.31040645 3.847046937
167428179 100 6.926321015e+14 2.035390553  1.583184324 2.464069632
166665991 100 7.129392377e+14 2.282999488  1.564458664 2.754630061
166109758 100 7.903471098e+14 2.672818442  2.140117946 3.451360932
167278275 100 8.457904763e+14 2.892794785  1.657831457 3.663192577
166463555 100 6.855490282e+14 2.434360282  1.692748005 3.049450235
166008833 100 7.148146819e+14 2.634169341  2.015980194 3.149146852
166412288 100 7.775504737e+14 2.589080561  1.437248918 3.204232489
166920848 100 9.947967048e+14 2.858717423  1.905537858 3.596425349
168036788 100 7.438273687e+14 2.682165071  1.812013731 3.507526815
168290729 100 7.297658982e+14 2.546288614  1.346429728 3.358337216
165403764 100 7.201706019e+14  2.41258101  1.749145658 3.156860844
167884247 100 9.179994425e+14 2.914001587  2.109942246 3.785501013
166109622 100 8.151029742e+14 2.938762253  1.757087121 3.557930051
166411954 100 7.849911898e+14 2.944563102  1.928724258 3.724572588
166665866 100 6.753431222e+14 2.336297686  1.775941678 2.804183189
168494626 100 8.216452217e+14 3.052911487  2.010889825 3.738518611
166767036 100  6.93984166e+14 2.421330945  1.876388396  2.90767491
166260486 100 8.154780631e+14 2.768506904  1.329311863 3.784414632
165402688 100  7.01765079e+14 2.523806575  1.964579609 3.123625012
166921070 100 7.010585162e+14 2.504014922   1.82338637 3.227852308
167733451 100 7.263203145e+14 2.602045873  2.040172265 3.120493547
165755273 100 8.481805774e+14 2.484485675  1.417702228 3.327594605
167072712 100 7.156171976e+14 2.658084002  1.687905091 3.566237022
167934982 100  7.30140987e+14 2.524362007  1.464668831 3.227304877
165957856 100 7.797661148e+14 2.726457212  1.762366649 3.541790268
167734207 100 5.786312585e+14 2.075409052  1.641083356  2.41837337
165500187 100 6.442020242e+14  2.51002613  2.009938355 3.058237612
166259975 100 6.608367788e+14 2.406619559  1.973917489  2.83595866
167986055 100 6.792859166e+14 2.261151183  1.454808899 3.127650892
167225488 100 7.349909731e+14 3.196082205  2.406046334 3.884171812
167582565 100  7.97491244e+14 2.510767554  1.770522936 3.201111749
167021921 100 5.940884086e+14 1.830576133  1.386459809 2.418747087
165551746 100 6.347811878e+14 1.987789929  1.308016371 2.864070255
167834570 100 6.022007954e+14 2.250218266  1.806250711 2.805510389
166310592 100   5.8256533e+14  2.01555981   1.61116986 2.551485502
165402874 100 6.541724093e+14 2.593248949  1.388730543  3.82999462
165907321 100 6.811700839e+14 2.658384826  1.859977843 3.241062981
167781860 100 6.248108027e+14 2.276153191  1.559359798 2.841139598
167124075 100 5.298435384e+14 1.916197347   1.46323544 2.307560685
166614994 100 6.208243932e+14 2.171759242  1.279858759 3.333472028
166361628 100  6.42178289e+14 2.336023265  1.746079055 2.952691607
166464128 100 5.552710735e+14 2.242837103  1.792796909 2.670657447
167480736 100 5.884184607e+14 2.491084627  1.689132079 3.080863503
168238522 100 3.725068481e+14 2.392051554  1.806624016 3.034275733
168341537 100 5.188438396e+14 2.254373634  1.717902899 2.760052112
167935235 100 5.395086186e+14 2.294191008  1.797232049 2.736907323
166717854 100 6.116914158e+14 2.311056822  1.462318072 3.199427415
166614805 100 5.164799075e+14 1.944673487  1.231128552 2.549126562
167175387 100 6.582198798e+14  2.24700948   1.65312964  3.01594467
165907521 100 5.699082619e+14 2.345795036  1.527804523 3.088569735
167935497 100  5.43643319e+14 2.078830358  1.408093928 2.486402692
168391536 100 5.000370589e+14 1.912067337  1.504303973 2.364163078
167278475 100 5.211292647e+14 2.221051711  1.608523424 2.858380247
166361685 100 5.568586589e+14 2.245734379   1.33035407  2.89311091
166059357 100 5.116211984e+14 2.042634595   1.44726678 2.449128503
165702887 100 6.300097087e+14 2.379766082  1.678923563 3.161673028
166464233 100  5.23013432e+14 2.086830881  1.441705832  2.80099203
167733960 100 5.986679818e+14 2.575959335  1.802548295 3.216493663
168594954 100 5.377116813e+14 2.260739739  1.811341506 2.724382636
167683252 100 5.424744375e+14 2.182966932  1.623234921  2.82191569
165551355 100 5.647268019e+14 2.494398738  1.163948861   3.0990713
166009095 100 5.279593711e+14 2.265691427  1.693877194 2.656170202
167935355 100 5.362985559e+14 2.244011803  1.690380472 2.785947864
165652284 100 5.424831605e+14 2.559101039  1.321522058 3.595145809
166158594 100 4.568058876e+14 1.829471003  1.465754184 2.192476412
165404307 100 5.291195296e+14 2.270606456  1.713347569  3.01047211
166412102 100  7.53527341e+14 2.511701215  1.667255628 3.393011966
168088170 100 5.408432371e+14  2.54118335  2.164938359 3.154484064
167935571 100 5.873978701e+14 2.560233034  1.908843573 3.221942093
167531012 100 4.592832186e+14 2.064646691  1.561342024 2.526529609
167734645 100 5.234059669e+14 2.484063151  1.216415376  3.66265055
167277479 100 5.244963414e+14 2.479853728  1.749779692 3.135169296
166158249 100 6.561525296e+14 2.375235059  1.502226768 3.016353264
166059897 100 4.695152937e+14 1.867553171  1.322810668 2.205166166
166463857 100 5.623541468e+14 2.681985411  1.651479236 3.349689879
166921267 100 5.788929484e+14 2.389681645  1.400180335 2.926889135
167124225 100 5.169160574e+14 2.425324458   1.60804171 3.083096473
165907055 100  4.81509414e+14 2.029934873  1.445814224 2.773113046
168443654 100 4.769123948e+14 2.131673359  1.680405471 2.690592593
168391744 100 4.242865561e+14  1.78709844  1.411912243 2.194782643
166767110 100 4.657731281e+14  2.15222737   1.78839194 2.536921063
166971164 100 5.325214983e+14  2.70359531  2.101949742 3.292714252
165805156 100 5.469057198e+14  2.43767221  1.886477846 2.823736141
167124408 100 4.993043272e+14 2.172835842  1.485431212 2.630560111
165755696 100 5.028894788e+14 2.223008103  1.597502298 2.928354242
165907624 100 5.588911171e+14 2.511363071  1.886056035 3.237411271
168443007 100 5.163926776e+14 2.519553995  1.866374908 3.176472821
167531208 100 4.823729907e+14 2.085164707  1.400289357 2.705918603
167834795 100 4.950387818e+14 2.475048785  1.788874657 2.942895254
165404848 100 5.303843642e+14 2.533585164  1.686328375 3.328945194
165404638 100 5.199429372e+14 2.595521733 0.6937569203 3.661924268
165552219 100 5.335769809e+14 2.593469679  1.923230067 3.173637747
167378420 100 4.615686437e+14 2.314810752 0.8999359998  3.56503039
166971388 100 4.525577882e+14 2.032812338  1.535393087 2.568812467
167278651 100 5.571465178e+14 2.641809042  1.885265035 3.135317811
165602403 100 4.524007743e+14 2.119893884  1.371414003 2.668221719
166869217 100 6.685915228e+14 1.611556891    1.0714876 2.170716762
165402820 100 4.933988584e+14 2.063664427 0.8134305414 2.847173979
168595027 100 5.742610372e+14 2.316372762   1.71414915  3.03941921
168391449 100 4.989902993e+14 2.233356605  1.761711787 2.713766255
168443116 100 4.617605497e+14 2.180226309  0.819938022 2.989018716
168189389 100 4.030286133e+14 1.991670773  1.597966418 2.450319732
165552162 100 4.468703944e+14  2.25367486  1.888003562 2.744007435
167428345 100 4.477601401e+14 2.075624354  1.532132728 2.857863568
165805323 100 5.169422263e+14 2.404440031  1.766365335 3.003343508
167782205 100 4.808639123e+14  2.26831555  1.614030288  2.97099069
166207281 100 4.381561208e+14 2.104392418  1.623732918 2.525619881
